1629989676.12467 -1713.78979492188 -945.159484863281 25.2025756835938 0.00247442376859543 0.00769632883000754 0.886009806755249 0.463596011561986
1629989676.22358 -1713.80102539062 -945.272338867188 25.1365585327148 0.00259995498280441 0.01160155862417 0.88675336728184 0.462089899991189
1629989676.32298 -1713.84057617188 -945.344543457031 25.1191520690918 0.00207004045169716 0.0127480738401173 0.886920973115135 0.461740615356514
1629989676.42341 -1713.82202148438 -945.372802734375 25.1091938018799 0.00188900391635035 0.012812467137973 0.886475878488467 0.462593561489929
1629989676.52305 -1713.81872558594 -945.349731445312 25.146858215332 0.00153047149362031 0.0111815475137625 0.886213444317692 0.463139694383927
1629989676.62237 -1713.82446289062 -945.290222167969 25.1523151397705 0.00168430170173934 0.0109123771041628 0.886495041040513 0.462606321515123
1629989676.72182 -1713.828125 -945.277709960938 25.151554107666 0.0007931431479531 0.0108236766032326 0.886468759662949 0.462661203172974
1629989676.8255 -1713.83740234375 -945.24365234375 25.1617202758789 0.00100479884103616 0.0102500227979996 0.88665141887718 0.462323680601441
1629989676.92495 -1713.81384277344 -945.27197265625 25.1567821502686 0.00114506961478023 0.0106963492524093 0.886402115606265 0.462791053591846
1629989677.02425 -1713.81286621094 -945.29296875 25.1333179473877 0.00174554361513668 0.0107260462539073 0.886315493537803 0.462954357488086
1629989677.12357 -1713.82238769531 -945.309997558594 25.1766719818115 0.00107926340947246 0.0104940256797472 0.886236370476863 0.463113135644193
1629989677.22237 -1713.81384277344 -945.293823242188 25.1625022888184 0.000894234214137089 0.0107452930419393 0.886309541900026 0.462967738756787
1629989677.32658 -1713.80847167969 -945.25439453125 25.1477184295654 0.00225032996997566 0.0105652092148563 0.886301295285019 0.462983041990794
